20
000075400000000008080190000300001060000000034000068170204000603900000020530200000,693875412145632798782194356357421869816957234429368175274519683968743521531286947
300000000050703008000028070700000043000000000003904105400300800100040000968000200,387419526259763418641528379716285943594631782823974165472396851135842697968157234
302609005500730000000000900000940000000000109000057060008500006000000003019082040,382619475594738621176425938863941752457263189921857364738594216245176893619382547
530000008007000030200006901000500200090370004000981000300040560000090000000007080,536419728917825436248736951781564293695372814423981675379148562852693147164257389
008310900095000160000000005000400000000080049006072000000001030000240607001008200,468315972795824163132697485819453726257186349346972851924761538583249617671538294
000400970000051600042000010030000000070508064000070000700030000300090000005864009,513426978987351642642987513831649257279518364456273891798135426364792185125864739
060500000720000000000000320000050637000004500000230180180009000603070000004006003,369542871721893465548761329412958637837614592956237184185329746693475218274186953
274000030000000005000600041900306000100280000006054000000000002007000583000095700,274518639361942875859637241982376154145289367736154928518763492697421583423895716
570000069000003800090000000801600000000030600702000050000060501000702000006091032,573428169624913875198576243831645927945237618762189354287364591319752486456891732
005200000400300700600000010800020100040800500000095000083040070090006080500902000,735218964418369752629457318857624193941873526362195847283541679194736285576982431
400500600200000000000020000002004380000030000790000504000060490070093810500100030,438519672216478953957326148162754389845932761793681524321865497674293815589147236
000790000001000000040050080000800027009003000000020403000040600004907100600501790,365798241981234576742156389436815927219473865578629413197342658854967132623581794
060010000403700008520640000002000000009438005000006300004301200000200000005070000,967813542413752968528649731352197684679438125841526397784361259196285473235974816
130400000705300000600020000000000027000900400000000085860500003059103000002004060,138479652725316894694825731541638927283957416976241385867592143459163278312784569
020001048400000037071006020500000000000010802000809500090030400000040000000902060,925371648468295137371486925589724316746513892132869574297638451653147289814952763
000000020006410035180020000008130406020000300600000000790005000004000008001300002,349658127276419835185723964958132476427986351613574289792845613534261798861397542
040000200000007090000006010870020004901000028060030100006800041000070050005900000,649315287132487695587296413873129564951764328264538179396852741418673952725941836
000030009048900000200470100125000080000080710000500000000090054061000003000050070,716835429348912567259476138125347986634289715987561342872193654561724893493658271
000000060306000000000000805000605071005000300100870042900200014201080000000703000,587342169316598427429167835842635971795421386163879542938256714271984653654713298
900000586008070004401000300002010900804005100000007000003008702000000000600040009,927431586368579214451286397732814965894625173516397428143968752289753641675142839
